1,4.21,2.98,8.117727,Walking
2,4.29,3.02,8.158588,Walking
3,4.29,2.83,8.076866,Walking
4,4.25,2.87,8.158588,Walking
5,4.25,2.87,8.117727,Walking
6,4.33,2.96,8.158588,Walking
7,4.29,2.91,8.158588,Walking
8,4.25,2.91,8.158588,Walking
9,4.29,2.91,8.19945,Walking
10,4.25,2.87,8.19945,Walking
11,4.33,2.91,8.19945,Walking
12,4.29,2.91,8.19945,Walking
13,4.29,2.76,8.049625,Walking
14,4.18,2.91,8.19945,Walking
15,4.18,2.91,8.158588,Walking
16,4.29,2.96,8.117727,Walking
17,4.37,2.87,8.049625,Walking
18,4.33,3.06,8.049625,Walking
19,4.25,3.11,8.19945,Walking
20,4.33,2.91,8.117727,Walking
21,4.37,3.02,8.117727,Walking
22,4.33,3.02,8.19945,Walking
23,4.33,2.96,8.076866,Walking
24,4.44,2.98,8.076866,Walking
25,4.4,2.91,8.076866,Walking
26,4.25,2.91,8.117727,Walking
27,4.25,2.98,8.117727,Walking
28,4.33,2.83,8.008764,Walking
29,4.29,3.02,8.076866,Walking
30,4.21,3.15,8.158588,Walking
31,4.25,3.15,8.117727,Walking
32,4.37,3.02,8.076866,Walking
33,4.33,2.98,8.158588,Walking
34,4.25,3.02,8.117727,Walking
35,4.25,3.06,8.076866,Walking
36,4.37,3.11,8.076866,Walking
37,4.29,3.11,8.049625,Walking
38,4.25,3.06,8.117727,Walking
39,4.21,2.98,8.076866,Walking
40,4.29,3.11,8.076866,Walking
41,4.25,3.11,8.049625,Walking
42,4.29,3.15,8.117727,Walking
43,4.29,3.11,8.076866,Walking
44,4.25,2.87,8.049625,Walking
45,4.25,3.06,8.158588,Walking
46,4.33,3.17,8.076866,Walking
47,4.21,3.17,8.158588,Walking
48,4.21,3.02,8.117727,Walking
49,4.4,2.72,8.117727,Walking
50,4.37,2.98,8.076866,Walking
51,4.18,3.11,8.117727,Walking
52,4.14,3.15,8.117727,Walking
53,4.29,3.06,8.008764,Walking
54,4.44,3.06,8.076866,Walking
55,4.37,3.11,8.049625,Walking
56,4.33,2.91,8.049625,Walking
57,4.25,2.98,8.049625,Walking
58,4.29,3.17,8.049625,Walking
59,4.29,3.11,8.049625,Walking
60,4.33,2.96,8.076866,Walking
61,4.25,3.06,8.158588,Walking
62,4.37,3.11,8.008764,Walking
63,4.4,3.06,8.008764,Walking
64,4.37,3.06,8.076866,Walking
65,4.33,3.11,8.049625,Walking
66,4.33,3.11,8.008764,Walking
67,4.33,3.06,8.049625,Walking
68,4.29,3.02,8.008764,Walking
69,4.29,3.02,8.117727,Walking
70,4.29,3.02,8.076866,Walking
71,4.29,3.11,8.076866,Walking
72,4.37,3.06,8.049625,Walking
73,4.33,3.11,8.049625,Walking
74,4.25,3.06,8.076866,Walking
75,4.29,3.06,8.049625,Walking
76,4.33,3.02,8.049625,Walking
77,4.25,3.02,8.049625,Walking
78,4.25,3.06,8.076866,Walking
79,4.25,2.96,8.049625,Walking
80,4.29,3.02,8.076866,Walking
81,4.25,3.06,8.117727,Walking
82,4.29,3.02,8.117727,Walking
83,4.21,3.02,8.076866,Walking
84,4.21,3.02,8.158588,Walking
85,4.21,2.98,8.19945,Walking
86,4.21,2.98,8.117727,Walking
87,4.25,3.06,8.076866,Walking
88,4.21,3.06,8.117727,Walking
89,4.18,3.02,8.117727,Walking
90,4.21,3.02,8.117727,Walking
91,4.21,3.02,8.076866,Walking
92,4.25,3.02,8.19945,Walking
93,4.14,2.98,8.19945,Walking
94,4.14,2.98,8.158588,Walking
95,4.18,2.98,8.076866,Walking
96,4.18,3.02,8.117727,Walking
97,4.14,3.02,8.117727,Walking
98,4.18,3.02,8.076866,Walking
99,4.29,2.96,8.19945,Walking
100,4.18,3.02,8.117727,Walking
101,4.25,2.98,8.117727,Walking
102,4.14,2.96,8.19945,Walking
103,4.14,2.96,8.158588,Walking
104,4.1,3.02,8.049625,Walking
105,4.4,3.11,7.9679036,Walking
106,3.99,3.26,8.499097,Walking
107,4.29,2.98,8.117727,Walking
108,3.79,2.34,8.117727,Walking
109,4.25,3.15,8.281172,Walking
110,4.33,2.96,8.008764,Walking
111,4.21,3.06,8.117727,Walking
112,4.21,2.91,8.117727,Walking
113,4.29,2.98,8.240311,Walking
114,4.25,3.17,8.158588,Walking
115,4.14,3.11,8.19945,Walking
116,4.1,3.06,8.158588,Walking
117,4.1,2.96,8.240311,Walking
118,4.14,2.96,8.240311,Walking
119,4.14,2.98,8.19945,Walking
120,4.18,3.02,8.19945,Walking
121,4.18,3.02,8.117727,Walking
122,4.14,2.98,8.117727,Walking
123,4.06,3.02,8.117727,Walking
124,4.14,3.02,8.117727,Walking
125,4.18,2.98,8.158588,Walking
126,4.21,2.98,8.158588,Walking
127,4.14,3.02,8.117727,Walking
128,4.1,3.06,8.19945,Walking
129,4.14,3.06,8.158588,Walking
130,4.1,2.98,8.158588,Walking
131,4.14,3.06,8.158588,Walking
132,4.1,3.02,8.158588,Walking
133,4.18,3.02,8.19945,Walking
134,4.14,3.02,8.19945,Walking
135,4.14,3.02,8.158588,Walking
136,4.14,3.06,8.19945,Walking
137,4.14,3.02,8.158588,Walking
138,4.14,3.02,8.19945,Walking
139,4.14,2.98,8.117727,Walking
140,4.18,3.02,8.117727,Walking
141,4.14,3.02,8.158588,Walking
142,4.18,3.02,8.19945,Walking
143,4.18,3.02,8.158588,Walking
144,4.14,2.98,8.158588,Walking
145,4.14,3.02,8.158588,Walking
146,4.1,3.06,8.158588,Walking
147,4.18,3.02,8.19945,Walking
148,4.14,3.02,8.158588,Walking
149,4.14,2.98,8.158588,Walking
150,4.18,3.02,8.158588,Walking
151,4.14,3.02,8.158588,Walking
152,4.14,2.98,8.240311,Walking
153,4.1,3.02,8.158588,Walking
154,4.14,2.98,8.19945,Walking
155,4.14,2.98,8.158588,Walking
156,4.18,3.06,8.158588,Walking
157,4.14,2.98,8.158588,Walking
158,4.14,3.02,8.19945,Walking
159,4.1,3.02,8.158588,Walking
160,4.1,3.02,8.117727,Walking
161,4.14,3.02,8.19945,Walking
162,4.14,2.98,8.19945,Walking
163,4.14,3.02,8.19945,Walking
164,4.14,2.98,8.19945,Walking
165,4.1,2.98,8.19945,Walking
166,4.1,3.02,8.240311,Walking
167,4.06,2.96,8.19945,Walking
168,4.14,2.98,8.158588,Walking
169,4.14,3.02,8.19945,Walking
170,4.14,3.02,8.158588,Walking
171,4.14,3.02,8.117727,Walking
172,4.1,3.02,8.158588,Walking
173,4.14,3.02,8.158588,Walking
174,4.14,3.06,8.158588,Walking
175,4.1,3.06,8.19945,Walking
176,4.1,3.02,8.117727,Walking
177,4.14,3.02,8.158588,Walking
178,4.14,3.02,8.117727,Walking
179,4.1,3.02,8.117727,Walking
180,4.14,3.02,8.158588,Walking
181,4.1,2.96,8.19945,Walking
182,4.14,2.98,8.19945,Walking
183,4.14,3.02,8.158588,Walking
184,4.1,2.98,8.19945,Walking
185,4.14,3.02,8.19945,Walking
186,4.1,3.02,8.19945,Walking
187,4.1,3.02,8.117727,Walking
188,4.1,3.02,8.158588,Walking
189,4.1,2.98,8.19945,Walking
190,4.14,3.02,8.240311,Walking
191,4.06,2.98,8.19945,Walking
192,4.1,2.98,8.240311,Walking
193,4.06,2.98,8.19945,Walking
194,4.1,3.02,8.240311,Walking
195,4.1,2.98,8.117727,Walking
196,4.1,2.98,8.19945,Walking
197,4.1,3.02,8.158588,Walking
198,4.1,3.02,8.19945,Walking
199,4.14,2.98,8.19945,Walking
200,4.1,2.98,8.117727,Walking
201,4.14,3.02,8.158588,Walking
202,4.1,3.02,8.19945,Walking
203,4.1,2.98,8.19945,Walking
204,4.14,3.02,8.19945,Walking
205,4.1,2.98,8.158588,Walking
206,4.14,2.98,8.240311,Walking
207,4.02,2.98,8.240311,Walking
208,4.1,3.02,8.19945,Walking
209,4.14,3.02,8.19945,Walking
210,4.1,3.02,8.158588,Walking
211,4.1,3.02,8.19945,Walking
212,4.02,3.02,8.158588,Walking
213,4.14,3.02,8.117727,Walking
214,4.14,3.02,8.158588,Walking
215,4.14,3.02,8.19945,Walking
216,4.14,2.98,8.158588,Walking
217,4.14,3.02,8.19945,Walking
218,4.14,2.98,8.158588,Walking
219,4.1,3.02,8.158588,Walking
220,4.1,2.98,8.240311,Walking
221,4.1,2.98,8.19945,Walking
222,4.1,3.02,8.19945,Walking
223,4.1,2.98,8.19945,Walking
224,4.1,3.02,8.158588,Walking
225,4.14,2.98,8.158588,Walking
226,4.14,3.02,8.19945,Walking
227,4.1,3.02,8.117727,Walking
228,4.14,3.02,8.117727,Walking
229,4.14,3.02,8.158588,Walking
230,4.1,3.02,8.158588,Walking
231,4.1,3.02,8.117727,Walking
232,4.14,3.02,8.19945,Walking
233,4.1,3.06,8.117727,Walking
234,4.14,3.02,8.117727,Walking
235,4.14,3.02,8.076866,Walking
236,4.18,3.02,8.158588,Walking
237,4.1,2.98,8.117727,Walking
238,4.1,3.02,8.158588,Walking
239,4.1,2.98,8.158588,Walking
240,4.1,3.02,8.19945,Walking
241,4.06,3.02,8.158588,Standing
242,4.02,3.02,8.158588,Standing
243,4.1,2.98,8.158588,Standing
244,4.02,3.02,8.117727,Standing
245,4.14,3.02,8.19945,Standing
246,4.06,2.98,8.117727,Standing
247,4.02,3.02,8.19945,Standing
248,4.1,3.02,8.19945,Standing
249,4.06,3.02,8.158588,Standing
250,4.1,2.98,8.19945,Standing
251,4.06,3.02,8.117727,Standing
252,4.1,2.98,8.076866,Standing
253,4.06,3.06,8.19945,Standing
254,4.06,3.02,8.076866,Standing
255,4.1,2.98,8.117727,Standing
256,4.1,2.98,8.158588,Standing
257,4.06,3.06,8.158588,Standing
258,4.06,3.02,8.158588,Standing
259,4.06,3.02,8.117727,Standing
260,4.1,3.02,8.158588,Standing
261,4.06,3.02,8.158588,Standing
262,4.1,3.02,8.076866,Standing
263,4.14,3.02,8.117727,Standing
264,4.1,3.02,8.117727,Standing
265,4.1,3.02,8.158588,Standing
266,4.06,2.98,8.158588,Standing
267,4.1,3.02,8.19945,Standing
268,4.1,3.02,8.158588,Standing
269,4.1,2.98,8.158588,Standing
270,4.06,3.02,8.158588,Standing
271,4.1,3.02,8.158588,Standing
272,4.14,3.02,8.117727,Standing
273,4.1,3.02,8.117727,Standing
274,4.1,3.06,8.117727,Standing
275,4.1,3.02,8.158588,Standing
276,4.1,3.02,8.076866,Standing
277,4.06,3.02,8.117727,Standing
278,4.06,3.02,8.158588,Standing
279,4.1,3.02,8.158588,Standing
280,4.1,2.98,8.076866,Standing
281,4.1,3.02,8.117727,Standing
282,4.1,3.06,8.117727,Standing
283,4.06,3.02,8.117727,Standing
284,4.1,3.02,8.158588,Standing
285,4.1,3.02,8.19945,Standing
286,4.06,3.02,8.158588,Standing
287,4.1,2.98,8.117727,Standing
288,4.1,3.02,8.158588,Standing
289,4.06,3.02,8.117727,Standing
290,4.14,3.02,8.117727,Standing
291,4.1,3.06,8.158588,Standing
292,4.1,3.02,8.19945,Standing
293,4.1,3.02,8.158588,Standing
294,4.1,2.98,8.158588,Standing
295,4.06,3.06,8.076866,Standing
296,4.02,3.02,8.158588,Standing
297,4.06,3.02,8.19945,Standing
298,4.1,2.98,8.19945,Standing
299,4.06,3.02,8.158588,Standing
300,4.1,3.02,8.240311,Standing
301,4.06,3.02,8.117727,Standing
302,4.06,3.02,8.19945,Standing
303,4.06,3.02,8.158588,Standing
304,4.02,3.02,8.19945,Standing
305,4.1,3.06,8.117727,Standing
306,4.1,3.02,8.158588,Standing
307,4.06,2.98,8.158588,Standing
308,4.06,3.02,8.117727,Standing
309,4.02,2.98,8.117727,Standing
310,4.02,3.02,8.281172,Standing
311,4.1,3.02,8.076866,Standing
312,4.1,3.06,8.158588,Standing
313,4.02,3.02,8.240311,Standing
314,4.1,3.02,8.076866,Standing
315,4.18,3.11,8.049625,Standing
316,4.18,3.02,8.076866,Standing
317,4.29,3.11,7.8861814,Standing
318,4.06,2.3,7.6954966,Standing
319,3.15,2.18,8.240311,Standing
320,1.76,2.56,9.425281,Standing
321,3.64,3.11,9.112013,Standing
322,5.75,4.1,8.049625,Standing
323,9.53,6.89,7.014479,Standing
324,8.73,6.85,4.8216033,Standing
325,3.76,2.72,2.4516625,Standing
326,6.66,0.08,7.504812,Standing
327,2.64,3.26,9.193735,Standing
328,3.15,3.53,7.6273947,Standing
329,2.11,1.38,7.8180795,Standing
330,2.98,2.72,9.234595,Standing
331,4.1,3.17,8.349273,Standing
332,4.29,3.6,7.5456724,Joggin
333,5.56,3.95,7.8589406,Joggin
334,5.05,3.95,7.5865335,Joggin
335,3.76,3.11,8.117727,Joggin
336,4.18,3.17,8.689782,Joggin
337,4.18,2.98,8.049625,Joggin
338,4.6,3.41,7.8861814,Joggin
339,4.4,2.91,7.8861814,Joggin
340,4.25,2.96,8.281172,Joggin
341,3.95,3.11,8.240311,Joggin
342,4.1,3.26,8.049625,Joggin
343,4.18,3.17,8.049625,Joggin
344,-7.63,12.15,7.3141265,Joggin
345,-9.77,12.37,-1.525479,Joggin
346,3.91,7.67,2.4925237,Joggin
347,-5.18,4.52,4.5219555,Joggin
348,-4.21,0.15,-0.8036005,Joggin
349,-5.71,6.89,-7.7363577,Joggin
350,7.67,19.57,-0.38136974,Joggin
351,-9.28,19.08,-0.7627395,Joggin
352,-10.27,16.51,12.258313,Joggin
353,2.91,6.85,1.5390993,Joggin
354,3.06,-6.09,-6.3607025,Joggin
355,-0.65,-6.05,-1.3756552,Joggin
356,-2.22,11.5,7.9679036,Joggin
357,-6.13,14.37,-4.2904096,Joggin
358,-5.43,5.75,0.84446156,Joggin
359,-7.01,17.88,4.7535014,Joggin
360,-8.77,9.34,5.597963,Joggin
361,-7.97,9.3,-2.9556155,Joggin
362,8.85,7.44,4.903325,Joggin
363,-7.12,2.03,2.0294318,Joggin
364,-2.45,0.31,-0.50395286,Joggin
365,-2.6,7.06,-6.238119,Joggin
366,3.02,19.53,-0.29964766,Joggin
367,-6.36,18.01,-1.8387469,Joggin
368,-11.45,18.62,12.4489975,Joggin
369,2.87,6.93,2.3018389,Joggin
370,1.33,-9.53,-6.4015636,Joggin
371,-0.34,-3.76,-2.6832085,Joggin
372,-7.82,16.04,10.337844,Joggin
373,1.46,11.75,-6.66035,Joggin
374,-10.84,8.31,-1.7570249,Joggin
375,-7.01,17.69,4.6036777,Joggin
376,-5.56,11.14,5.47538,Joggin
377,-9.43,9.96,-2.0294318,Joggin
378,8.69,8.24,6.4015636,Joggin
379,-8.81,1.61,0.9942854,Joggin
380,-1.46,-0.53,0.50395286,Joggin
381,-6.97,8.66,-7.164303,Joggin
382,5.43,19.08,-1.1168685,Joggin
383,-8.47,18.35,1.6480621,Joggin
384,-7.44,16.25,10.732834,Joggin
385,3.79,2.87,0.46309182,Joggin
386,-0.11,-9.23,-6.2108784,Joggin
387,1.76,-1.18,-0.46309182,Joggin
388,-4.52,14.21,7.6954966,Joggin
389,-3.11,12.83,-3.6774938,Joggin
390,-7.82,7.86,0.3405087,Joggin
391,-5.86,17.92,4.630918,Joggin
392,-9.85,10.95,3.759216,Joggin
393,-3.26,9.08,0,Joggin
394,4.86,7.27,7.082581,Joggin
395,-9.08,-0.95,-0.7218784,Joggin
396,1.18,1.46,-1.1441092,Joggin
397,-7.97,13.72,-3.486809,Joggin
398,5.22,19.08,-4.7943625,Joggin
399,-11.54,19.11,6.510526,Joggin
400,-5.94,13.25,10.147159,Joggin
401,4.52,4.67,1.4165162,Joggin
402,0.11,-9.96,-6.782933,Joggin
403,-1.23,0.27,0.7627395,Joggin
404,-6.21,9.66,6.4424243,Joggin
405,4.18,10.5,-2.4925237,Joggin
406,-8.96,8.2,-1.6480621,Joggin
407,-5.86,15.83,2.6832085,Joggin
408,-10.46,11.88,5.134871,Joggin
409,-4.71,10.84,-0.38136974,Joggin
410,5.41,7.31,5.175732,Joggin
411,-9.38,0.19,1.0760075,Joggin
412,-1.65,-1.14,-0.95342433,Joggin
413,-3.41,11.65,-6.4015636,Joggin
414,4.94,19.34,-2.3699405,Joggin
415,-10.84,19,2.2201166,Joggin
416,-6.93,16.59,11.223166,Joggin
417,4.33,5.79,0.88532263,Joggin
418,2.03,-8.5,-6.0201936,Joggin
419,-2.41,-4.86,-1.8387469,Joggin
420,-4.52,13.4,9.466142,Joggin
421,-1.04,10.23,-7.246025,Joggin
422,-7.4,7.01,-0.19068487,Joggin
423,-8.5,18.24,5.053149,Joggin
424,-8.16,10.53,5.6252036,Joggin
425,-8.12,10.57,0.38136974,Joggin
426,6.13,5.52,2.5606253,Joggin
427,-5.2,4.4,3.255263,Joggin
428,-4.56,-2.22,-0.08172209,Joggin
429,-0.5,0.5,-4.7535014,Joggin
430,-3.79,18.66,-0.040861044,Joggin
431,-1.31,19.08,-5.09401,Joggin
432,-11.54,19.57,7.8180795,Joggin
433,0.46,14.02,5.7886477,Joggin
434,2.34,-2.41,-3.214402,Joggin
435,-0.3,-8.01,-6.428804,Joggin
436,-3.11,4.9,4.7126403,Joggin
437,-2.6,4.9,-5.8158884,Joggin
438,-4.44,16.78,5.7477865,Joggin
439,-2.37,7.86,0.42223078,Joggin
440,-9.19,18.24,8.894087,Joggin
441,-8.92,11.11,-2.0294318,Joggin
442,4.18,6.05,5.5571017,Joggin
443,-6.13,-0.72,-2.07,Joggin
444,-5.05,-0.04,-2.96,Joggin
445,-16.02,0.04,-5.43,Joggin
446,-18.54,5.67,-5.24,Joggin
447,-7.97,7.82,-0.11,Joggin
448,-5.05,7.25,-0.5,Joggin
449,-3.06,2.64,-5.13,Joggin
450,-4.44,5.37,10.61,Joggin
451,-9.08,3.3,6.24,Joggin
452,-4.52,1.8,-2.75,Joggin
453,-5.6,2.98,-4.21,Joggin
454,-19.61,5.48,-18.77,Joggin
455,-0.3138128,8.659272,4.3541527,Sitting
456,-0.3138128,8.659272,4.3541527,Sitting
457,-0.3138128,8.659272,4.3541527,Sitting
458,-0.3138128,8.659272,4.3541527,Sitting
459,-0.3138128,8.659272,4.3541527,Sitting
460,-0.3138128,8.659272,4.3541527,Sitting
461,-0.3138128,8.659272,4.3541527,Sitting
462,-0.3138128,8.659272,4.3541527,Sitting
463,-0.3138128,8.659272,4.3541527,Sitting
464,-0.3138128,8.659272,4.3541527,Sitting
465,-0.3138128,8.659272,4.3541527,Sitting
466,-0.3138128,8.659272,4.3541527,Sitting
467,-0.3138128,8.659272,4.3541527,Sitting
468,-0.3138128,8.659272,4.3541527,Sitting
469,-0.3138128,8.659272,4.3541527,Sitting
470,-0.3138128,8.659272,4.3541527,Sitting
471,-0.3138128,8.659272,4.3541527,Sitting
472,-0.3138128,8.659272,4.3541527,Sitting
473,-0.3138128,8.659272,4.3541527,Sitting
474,-0.3138128,8.659272,4.3541527,Sitting
475,-0.3138128,8.659272,4.3541527,Sitting
476,-0.3138128,8.659272,4.3541527,Sitting
477,-0.3138128,8.659272,4.3541527,Sitting
478,-0.3138128,8.659272,4.3541527,Sitting
479,-0.3138128,8.659272,4.3541527,Sitting
480,-0.3138128,8.659272,4.3541527,Sitting
481,-0.3138128,8.659272,4.3541527,Sitting
482,-0.3138128,8.659272,4.3541527,Sitting
483,-0.3138128,8.659272,4.3541527,Sitting
484,-0.3138128,8.659272,4.3541527,Sitting
485,-0.3138128,8.659272,4.3541527,Sitting
486,-0.3138128,8.659272,4.3541527,Sitting
487,-0.3138128,8.659272,4.3541527,Sitting
488,-0.3138128,8.659272,4.3541527,Sitting
489,-0.3138128,8.659272,4.3541527,Sitting
490,-0.3138128,8.659272,4.3541527,Sitting
491,-0.3138128,8.659272,4.3541527,Sitting
492,-0.3138128,8.659272,4.3541527,Sitting
493,-0.3138128,8.659272,4.3541527,Sitting
494,-0.3138128,8.659272,4.3541527,Sitting
495,-0.3138128,8.659272,4.3541527,Sitting
496,-0.3138128,8.659272,4.3541527,Sitting
497,-0.3138128,8.659272,4.3541527,Sitting
498,-0.3138128,8.659272,4.3541527,Sitting
499,-0.3138128,8.659272,4.3541527,Sitting
500,-0.3138128,8.659272,4.3541527,Sitting
501,-0.3138128,8.659272,4.3541527,Sitting
502,-0.3138128,8.659272,4.3541527,Sitting
503,-0.3138128,8.659272,4.3541527,Sitting
504,-0.3138128,8.659272,4.3541527,Sitting
505,-0.3138128,8.659272,4.3541527,Sitting
506,-0.3138128,8.659272,4.3541527,Sitting
507,-0.3138128,8.659272,4.3541527,Sitting
508,-0.3138128,8.659272,4.3541527,Sitting
509,-0.3138128,8.659272,4.3541527,Sitting
510,-0.3138128,8.659272,4.3541527,Sitting
511,-0.3138128,8.659272,4.3541527,Sitting
512,-0.3138128,8.659272,4.3541527,Sitting
513,-0.3138128,8.659272,4.3541527,Sitting
514,-0.3138128,8.659272,4.3541527,Sitting
515,-0.3138128,8.659272,4.3541527,Sitting
516,-0.3138128,8.659272,4.3541527,Sitting
517,-0.3138128,8.659272,4.3541527,Sitting
518,-0.3138128,8.659272,4.3541527,Sitting
519,-0.3138128,8.659272,4.3541527,Sitting
520,-0.3138128,8.659272,4.3541527,Sitting
521,-0.3138128,8.659272,4.3541527,Sitting
522,-0.3138128,8.659272,4.3541527,Sitting
523,-0.3138128,8.659272,4.3541527,Sitting
524,-0.3138128,8.659272,4.3541527,Sitting
525,-0.3138128,8.659272,4.3541527,Sitting
526,-0.3138128,8.659272,4.3541527,Sitting
527,-0.3138128,8.659272,4.3541527,Sitting
528,-0.3138128,8.659272,4.3541527,Sitting
529,-0.3138128,8.659272,4.3541527,Sitting
530,-0.3138128,8.659272,4.3541527,Sitting
531,-0.3138128,8.659272,4.3541527,Sitting
532,-0.3138128,8.659272,4.3541527,Sitting
533,-0.3138128,8.659272,4.3541527,Sitting
534,-0.3138128,8.659272,4.3541527,Sitting
535,-0.3138128,8.659272,4.3541527,Sitting
536,-0.3138128,8.659272,4.3541527,Sitting
537,-0.3138128,8.659272,4.3541527,Sitting
538,-0.3138128,8.659272,4.3541527,Sitting
539,-0.3138128,8.659272,4.3541527,Sitting
540,-0.3138128,8.659272,4.3541527,Sitting
541,-0.3138128,8.659272,4.3541527,Sitting
542,-0.3138128,8.659272,4.3541527,Sitting
543,-0.3138128,8.659272,4.3541527,Sitting
544,-0.3138128,8.659272,4.3541527,Sitting
545,-0.3138128,8.659272,4.3541527,Sitting
546,-0.3138128,8.659272,4.3541527,Sitting
547,-0.3138128,8.659272,4.3541527,Sitting
548,-0.3138128,8.659272,4.3541527,Sitting
549,-0.3138128,8.659272,4.3541527,Sitting
550,-0.3138128,8.659272,4.3541527,Sitting
551,-0.3138128,8.659272,4.3541527,Sitting
552,-0.3138128,8.659272,4.3541527,Sitting
553,-0.3138128,8.659272,4.3541527,Sitting
554,-0.3138128,8.659272,4.3541527,Sitting
555,-0.3138128,8.659272,4.3541527,Sitting
556,-0.3138128,8.659272,4.3541527,Sitting
557,-0.3138128,8.659272,4.3541527,Sitting
558,-0.3138128,8.659272,4.3541527,Sitting
559,-0.3138128,8.659272,4.3541527,Sitting
560,-0.3138128,8.659272,4.3541527,Sitting
561,-0.3138128,8.659272,4.3541527,Sitting
562,-0.3138128,8.659272,4.3541527,Sitting
563,-0.3138128,8.659272,4.3541527,Sitting
564,-0.3138128,8.659272,4.3541527,Sitting
565,-0.3138128,8.659272,4.3541527,Sitting
566,-0.3138128,8.659272,4.3541527,Sitting
567,-0.3138128,8.659272,4.3541527,Sitting
568,-0.3138128,8.659272,4.3541527,Sitting
569,-0.3138128,8.659272,4.3541527,Sitting
570,-0.3138128,8.659272,4.3541527,Sitting
571,-0.3138128,8.659272,4.3541527,Sitting
572,-0.3138128,8.659272,4.3541527,Sitting
573,0.46,7.74,4.75,Sitting
574,1.08,7.4,6.59,Sitting
575,0.89,8.31,6.21,Sitting
576,2.07,8.81,8.16,Sitting
577,2.79,9.43,9.92,Sitting
578,3.02,8.01,9.81,Sitting
579,2.56,5.37,10.5,Sitting
580,0.34,2.87,9.92,Sitting
581,-1.33,1.23,10.12,Sitting
582,-1.27,2.03,10.19,Sitting
583,-1.53,3.11,10,Sitting
584,-1.57,3.83,9.72,Sitting
585,-1.18,3.79,9.3,Sitting
586,-0.72,3.91,9.53,Sitting
587,-0.11,3.83,9.3,Sitting
588,-0.08,3.64,9.34,Sitting
589,-0.23,3.41,9.53,Sitting
590,-0.46,3.38,9.62,Sitting
591,-0.5,3.26,9.62,Sitting
592,-0.46,3.21,9.53,Sitting
593,-0.46,3.45,9.51,Sitting
594,-0.23,3.79,9.47,Sitting
595,-0.23,4.14,9.19,Sitting
596,-0.04,4.4,8.92,Sitting
597,-0.08,4.33,9.04,Sitting
598,0,4.14,9.19,Sitting
599,-0.04,4.02,9.23,Sitting
600,-0.15,3.91,9.34,Sitting
601,-0.3,3.91,9.43,Sitting
602,-0.34,3.76,9.47,Sitting
603,-0.34,3.76,9.34,Sitting
604,-0.38,3.64,9.47,Sitting
605,-0.3,3.68,9.47,Sitting
606,-0.27,3.53,9.47,Sitting
607,-0.27,3.57,9.43,Sitting
608,-0.34,3.6,9.51,Sitting
609,-0.27,3.6,9.47,Sitting
610,-0.34,3.57,9.47,Sitting
611,-0.3,3.57,9.43,Sitting
612,-0.34,3.53,9.47,Sitting
613,-0.23,3.64,9.47,Sitting
614,-0.23,3.64,9.43,Sitting
615,-0.3,3.72,9.43,Sitting
616,-0.27,3.79,9.47,Sitting
617,-0.34,3.72,9.43,Sitting
618,-0.27,3.72,9.47,Sitting
619,-0.27,3.68,9.47,Sitting
620,-0.19,3.68,9.43,Sitting
621,-0.15,3.72,9.38,Sitting
622,-0.19,3.91,9.34,Sitting
623,-0.23,3.91,9.3,Sitting
624,-0.15,3.83,9.34,Sitting
625,-0.19,3.76,9.47,Sitting
626,-0.27,3.83,9.38,Sitting
627,-0.23,3.87,9.38,Sitting
628,-0.27,3.87,9.38,Sitting
629,-0.15,3.95,9.34,Sitting
630,-0.15,3.95,9.28,Sitting
631,-0.11,3.95,9.34,Sitting
632,-0.08,3.95,9.28,Sitting
633,-0.08,4.02,9.23,Sitting
634,-0.08,3.99,9.28,Sitting
635,-0.08,3.91,9.28,Sitting
636,-0.15,3.91,9.28,Sitting
637,-0.11,3.99,9.28,Sitting
638,-0.15,3.95,9.3,Sitting
639,-14.29,7.82,-3.87,Joggin
640,-4.99,5.37,0,Joggin
641,-3.36,3.21,-2.18,Joggin
642,-4.1,0.46,-3.02,Joggin
643,-4.99,3.38,5.41,Joggin
644,-10,4.67,3.95,Joggin
645,-7.5,3.38,-1.33,Joggin
646,-18.58,4.29,-7.25,Joggin
647,-16.24,-3.34,-13.82,Joggin
648,-7.55,-2.64,4.21,Joggin
649,-7.93,0.93,2.45,Joggin
650,-6.17,0.34,-1.12,Joggin
651,-5.43,4.99,0.93,Joggin
652,-10.15,4.63,-0.99,Joggin
653,-8.01,2.87,-0.08,Joggin
654,-10.84,-0.04,-1.88,Joggin
655,-13.21,0.93,-9.38,Joggin
656,-10.08,4.14,-3.91,Joggin
657,-9.19,5.48,-0.72,Joggin
658,-7.21,4.4,-2.49,Joggin
659,-3.64,5.83,2.53,Joggin
660,-5.67,5.33,8.01,Joggin
661,-4.21,1.57,-0.99,Joggin
662,-9.43,2.26,-3.57,Joggin
663,-19.61,3.6,-18.5,Joggin
664,-11.8,1.69,-2.37,Joggin
665,-1.69,1.04,11.11,Joggin
666,-5.79,3.6,4.82,Joggin
667,-4.82,2.79,-2.96,Joggin
668,-6.85,2.83,-2.64,Joggin
669,-17.62,4.25,-3.06,Joggin
670,-16.24,5.86,-7.46,Stairs
671,-7.31,3.95,-2.34,Stairs
672,-6.24,3.68,-1.8,Stairs
673,-5.18,2.98,-0.61,Stairs
674,-3.95,1.65,2.96,Stairs
675,-3.36,3.17,4.71,Stairs
676,-2.68,0.42,0.34,Stairs
677,-15.7,2.83,-7.78,Stairs
678,-17.73,0.5,-15.17,Stairs
679,-4.56,-0.65,3.3,Stairs
680,-7.25,3.38,5.05,Stairs
681,-7.46,6.32,4.14,Stairs
682,-3.83,2.79,-1.8,Stairs
683,-3.26,0.31,-0.61,Stairs
684,-15.17,0.72,-2.53,Stairs
685,-17.39,-3.21,-10.46,Stairs
686,-13.99,5.01,-3.06,Stairs
687,-11.37,9.04,1.08,Stairs
688,-4.1,1.84,-2.03,Stairs
689,-1.18,4.02,2.18,Stairs
690,-3.3,5.94,8.66,Stairs
691,-1.65,1.84,-1.27,Stairs
692,-7.27,1.23,-6.55,Stairs
693,-19.61,2.53,-18.92,Stairs
694,-4.67,6.17,8.47,Stairs
695,-5.6,3.49,5.63,Stairs
696,-7.86,1.92,-4.25,Stairs
697,-1.42,1.5,-1.95,Stairs
698,-1.92,1.12,0.11,Stairs
699,-10,0.89,1.08,Stairs
700,-19.61,5.48,-1.12,Stairs
701,-10.92,7.89,-4.14,Stairs
702,-4.63,2.87,-2.18,Stairs
703,-3.36,2.72,-1.76,Stairs
704,-2.14,3.45,9.34,Stairs
705,-4.1,3.11,1.27,Stairs
706,-1.65,0.61,-1.14,Stairs
707,-11.11,0.93,-8.5,Stairs
708,-19.34,2.56,-15.83,Stairs
709,-5.94,3.83,10.5,Stairs
710,-5.67,4.33,5.18,Stairs
711,-7.27,4.56,-2.53,Stairs
712,-4.02,0.11,0.99,Stairs
713,-7.7,-0.34,-0.61,Stairs
714,-14.06,-5.86,-4.82,Stairs
715,-14.48,0.38,-9.23,Stairs
716,-15.4,9.3,-1.61,Stairs
717,-7.21,7.89,-0.65,Stairs
718,-1.57,5.71,16.78,Stairs
719,-6.74,5.28,3.95,Stairs
720,-6.05,4.25,-3.41,Stairs
721,-7.35,2.07,-11.92,Stairs
722,-15.4,2.56,-17.2,Stairs
723,-17.12,1.73,-1.31,Stairs
724,-6.89,5.13,12.49,Stairs
725,-7.27,7.55,3.34,Stairs
726,-10.5,0,-1.65,Stairs
727,-5.48,0.76,-1.57,Stairs
728,-7.25,-0.08,-0.3,Stairs
729,-15.47,1.88,-3.45,Stairs
730,-17.43,10.15,-5.43,Stairs
731,-5.67,6.13,-0.11,Stairs
732,-3.21,1.76,-2.34,Stairs
733,-4.02,7.01,9.43,Stairs
734,-6.55,5.18,8.2,Stairs
735,-3.26,3.26,-1.99,Stairs
736,-8.47,1.65,-11.37,Stairs
737,-19.61,3.83,-18.31,Stairs
738,-9.53,5.94,10.99,Stairs
739,-8.69,6.32,-0.3,Stairs
740,-4.48,-1.73,0.76,Stairs
741,-6.13,-0.72,-2.07,Stairs
742,-5.05,-0.04,-2.96,Stairs
743,-16.02,0.04,-5.43,Stairs
744,-18.54,5.67,-5.24,Stairs
745,-7.97,7.82,-0.11,Stairs
746,-5.05,7.25,-0.5,Stairs
747,-3.06,2.64,-5.13,Stairs
748,-4.44,5.37,10.61,Stairs
749,-9.08,3.3,6.24,Stairs
750,-4.52,1.8,-2.75,Stairs
751,-5.6,2.98,-4.21,Stairs
752,-19.61,5.48,-18.77,Stairs
753,-12.83,3.41,-0.61,Stairs
754,-4.67,5.24,7.82,Stairs
755,-5.28,-2.03,-3.6,Stairs
756,-4.86,-0.42,1.69,Stairs
757,-10.27,1.27,-1.31,Stairs
758,-10.92,-0.69,-1.46,Stairs
759,-18.2,-1.23,-8.5,Stairs
760,-16.47,1.88,-4.33,Stairs
761,-9.58,4.18,0.08,Stairs
762,-6.24,5.01,-1.31,Stairs
763,-2.53,4.1,-1.92,Stairs
764,-1.14,5.98,-2.75,Stairs
765,-4.18,6.36,0.93,Stairs
766,-16.21,3.11,10.53,Stairs
767,-11.56,2.76,-0.5,Stairs
768,-6.32,2.15,-0.11,Stairs
769,-13.38,1.46,-7.93,Stairs
770,-18.12,1.69,-10.57,Stairs
771,-8.54,3.3,10.46,Stairs
772,-6.28,2.18,3.06,Stairs
773,-7.25,-0.99,-2.45,Stairs
774,-8.62,0.19,-1.31,Stairs
775,-15.21,0,-4.4,Stairs
776,-13.95,0.84,-7.97,Stairs
777,-8.08,3.38,-2.98,Stairs
778,-8.81,7.31,-1.73,Stairs
779,-6.74,7.21,-1.95,Stairs
780,-2.56,1.76,-3.68,Stairs
781,-6.85,3.49,2.87,Stairs
782,-10.27,4.1,2.72,Stairs
783,-5.52,1.69,1.5,Stairs
784,-18.58,-0.3,-8.96,Stairs
785,-14.79,-3.91,-14.33,Sitting
786,-6.09,0.04,2.49,Sitting
787,-7.89,6.09,9.89,Sitting
788,-5.24,1.88,-2.03,Sitting
789,-3.91,3.49,-2.79,Sitting
790,-6.85,1.54,-0.84,Sitting
791,-18.92,0.31,-8.47,Sitting
792,-12.83,0.42,-5.37,Sitting
793,-5.63,1.65,0.84,Sitting
794,-9.08,6.89,-0.08,Sitting
795,-4.21,5.75,-1.53,Sitting
796,-0.3138128,8.659272,4.3541527,Sitting
797,-0.3138128,8.659272,4.3541527,Sitting
798,-0.3138128,8.659272,4.3541527,Sitting
799,-0.3138128,8.659272,4.3541527,Sitting
800,-0.3138128,8.659272,4.3541527,Sitting
801,-0.3138128,8.659272,4.3541527,Sitting
802,-0.3138128,8.659272,4.3541527,Sitting
803,-0.3138128,8.659272,4.3541527,Sitting
804,-0.3138128,8.659272,4.3541527,Sitting
805,-0.3138128,8.659272,4.3541527,Sitting
806,-0.3138128,8.659272,4.3541527,Sitting
807,-0.3138128,8.659272,4.3541527,Sitting
808,-0.3138128,8.659272,4.3541527,Sitting
809,-0.3138128,8.659272,4.3541527,Sitting
810,-0.3138128,8.659272,4.3541527,Sitting
811,-0.3138128,8.659272,4.3541527,Sitting
812,-0.3138128,8.659272,4.3541527,Sitting
813,-0.3138128,8.659272,4.3541527,Sitting
814,-0.3138128,8.659272,4.3541527,Sitting
815,-0.3138128,8.659272,4.3541527,Sitting
816,-0.3138128,8.659272,4.3541527,Sitting
817,-0.3138128,8.659272,4.3541527,Sitting
818,-0.3138128,8.659272,4.3541527,Sitting
819,-0.3138128,8.659272,4.3541527,Sitting
820,-0.3138128,8.659272,4.3541527,Sitting
821,-0.3138128,8.659272,4.3541527,Sitting
822,-0.3138128,8.659272,4.3541527,Sitting
823,-0.3138128,8.659272,4.3541527,Sitting
824,-0.3138128,8.659272,4.3541527,Sitting
825,-0.3138128,8.659272,4.3541527,Sitting
826,-0.3138128,8.659272,4.3541527,Sitting
827,-0.3138128,8.659272,4.3541527,Sitting
828,-0.3138128,8.659272,4.3541527,Sitting
829,-0.3138128,8.659272,4.3541527,Sitting
830,-0.3138128,8.659272,4.3541527,Sitting
831,-0.3138128,8.659272,4.3541527,Sitting
832,-0.3138128,8.659272,4.3541527,Sitting
833,-0.3138128,8.659272,4.3541527,Sitting
834,-0.3138128,8.659272,4.3541527,Sitting
835,-0.3138128,8.659272,4.3541527,Sitting
836,-0.3138128,8.659272,4.3541527,Sitting
837,-0.3138128,8.659272,4.3541527,Sitting
838,-0.3138128,8.659272,4.3541527,Sitting
839,-0.3138128,8.659272,4.3541527,Sitting
840,-0.3138128,8.659272,4.3541527,Sitting
841,-0.3138128,8.659272,4.3541527,Sitting
842,-0.3138128,8.659272,4.3541527,Sitting
843,-0.3138128,8.659272,4.3541527,Sitting
844,-0.3138128,8.659272,4.3541527,Sitting
845,-0.3138128,8.659272,4.3541527,Sitting
846,-0.3138128,8.659272,4.3541527,Sitting
847,-0.3138128,8.659272,4.3541527,Sitting
848,-0.3138128,8.659272,4.3541527,Sitting
849,-0.3138128,8.659272,4.3541527,Sitting
850,-0.3138128,8.659272,4.3541527,Sitting
851,-0.3138128,8.659272,4.3541527,Sitting
852,-0.3138128,8.659272,4.3541527,Sitting
853,-0.3138128,8.659272,4.3541527,Sitting
854,-0.3138128,8.659272,4.3541527,Sitting
855,-0.3138128,8.659272,4.3541527,Sitting
856,-0.3138128,8.659272,4.3541527,Sitting
857,-0.3138128,8.659272,4.3541527,Sitting
858,-0.3138128,8.659272,4.3541527,Sitting
859,-0.3138128,8.659272,4.3541527,Sitting
860,-0.3138128,8.659272,4.3541527,Sitting
861,-0.3138128,8.659272,4.3541527,Sitting
862,-0.3138128,8.659272,4.3541527,Sitting
863,-0.3138128,8.659272,4.3541527,Sitting
864,-0.3138128,8.659272,4.3541527,Sitting
865,-0.3138128,8.659272,4.3541527,Sitting
866,-0.3138128,8.659272,4.3541527,Sitting
867,-0.3138128,8.659272,4.3541527,Sitting
868,-0.3138128,8.659272,4.3541527,Sitting
869,-0.3138128,8.659272,4.3541527,Sitting
870,-0.3138128,8.659272,4.3541527,Sitting
871,-0.3138128,8.659272,4.3541527,Sitting
872,-0.3138128,8.659272,4.3541527,Sitting
873,-0.3138128,8.659272,4.3541527,Sitting
874,-0.3138128,8.659272,4.3541527,Sitting
875,-0.3138128,8.659272,4.3541527,Sitting
876,-0.3138128,8.659272,4.3541527,Sitting
877,-0.3138128,8.659272,4.3541527,Sitting
878,-0.3138128,8.659272,4.3541527,Sitting
879,-0.3138128,8.659272,4.3541527,Sitting
880,-0.3138128,8.659272,4.3541527,Sitting
881,-0.3138128,8.659272,4.3541527,Sitting
882,-0.3138128,8.659272,4.3541527,Sitting
883,-0.3138128,8.659272,4.3541527,Sitting
884,-0.3138128,8.659272,4.3541527,Sitting
885,-0.3138128,8.659272,4.3541527,Sitting
886,-0.3138128,8.659272,4.3541527,Sitting
887,-0.3138128,8.659272,4.3541527,Sitting
888,-0.3138128,8.659272,4.3541527,Sitting
889,-0.3138128,8.659272,4.3541527,Sitting
890,-0.3138128,8.659272,4.3541527,Sitting
891,-0.3138128,8.659272,4.3541527,Sitting
892,-0.3138128,8.659272,4.3541527,Sitting
893,-0.3138128,8.659272,4.3541527,Sitting
894,-0.3138128,8.659272,4.3541527,Sitting
895,-0.3138128,8.659272,4.3541527,Sitting
896,-0.3138128,8.659272,4.3541527,Sitting
897,-0.3138128,8.659272,4.3541527,Sitting
898,-0.3138128,8.659272,4.3541527,Sitting
899,-0.3138128,8.659272,4.3541527,Sitting
900,-0.3138128,8.659272,4.3541527,Sitting
901,-0.3138128,8.659272,4.3541527,Sitting
902,-0.3138128,8.659272,4.3541527,Sitting
903,-0.3138128,8.659272,4.3541527,Sitting
904,-0.3138128,8.659272,4.3541527,Sitting
905,-0.3138128,8.659272,4.3541527,Sitting
906,-0.3138128,8.659272,4.3541527,Sitting
907,-0.3138128,8.659272,4.3541527,Sitting
908,-0.3138128,8.659272,4.3541527,Sitting
909,-0.3138128,8.659272,4.3541527,Sitting
910,-0.3138128,8.659272,4.3541527,Sitting
911,-0.3138128,8.659272,4.3541527,Sitting
912,-0.3138128,8.659272,4.3541527,Sitting
913,-0.3138128,8.659272,4.3541527,Sitting
914,-0.3138128,8.659272,4.3541527,Sitting
915,-0.3138128,8.659272,4.3541527,Sitting
916,-0.3138128,8.659272,4.3541527,Sitting
917,-0.3138128,8.659272,4.3541527,Sitting
918,-0.3138128,8.659272,4.3541527,Sitting
919,-0.3138128,8.659272,4.3541527,Sitting
920,-0.3138128,8.659272,4.3541527,Sitting
921,-0.3138128,8.659272,4.3541527,Sitting
922,-0.3138128,8.659272,4.3541527,Sitting
923,-0.3138128,8.659272,4.3541527,Sitting
924,-0.3138128,8.659272,4.3541527,Sitting
925,-0.3138128,8.659272,4.3541527,Sitting
926,-0.3138128,8.659272,4.3541527,Sitting
927,-0.3138128,8.659272,4.3541527,Sitting
928,-0.3138128,8.659272,4.3541527,Sitting
929,-0.3138128,8.659272,4.3541527,Sitting
930,-0.3138128,8.659272,4.3541527,Sitting
931,-2.1679606,-1.3277156,-0.5549711,Walking
932,-1.7348573,0.8185594,-0.16554448,Walking
933,-1.4639386,0.8359691,0.4111123,Walking
934,-0.9450085,1.0852021,0.39522982,Walking
935,0.18203785,0.28130344,0.5342017,Walking
936,0.9483683,0.07849618,0.5647449,Walking
937,1.6756034,-0.8579602,0.66889745,Walking
938,1.4010195,-1.3286319,0.4465425,Walking
939,-1.162782,0.9315695,-0.09621128,Walking
940,-0.2846632,0.19700404,-0.47158796,Walking
941,-0.3200934,-1.6398678,-0.07147124,Walking
942,1.3130548,-1.5134187,-0.6954701,Walking
943,1.6978999,-2.1248949,-0.11911872,Walking
944,1.7724255,-1.6646078,-0.43463063,Walking
945,2.3289237,-2.6535985,0.1301143,Walking
946,1.5464053,-1.754405,0.028099801,Walking
947,1.1114693,-0.6337727,-0.5109888,Walking
948,1.215011,-0.82894415,-0.6197228,Walking
949,0.9126327,-0.40378192,-0.67347896,Walking
950,0.21197024,-0.93187493,-0.37812558,Walking
951,0.31612277,-0.44959682,-0.029932396,Walking
952,0.2406809,-0.52442783,-0.23671028,Walking
953,-0.9465357,-0.19975294,0.1469131,Walking
954,-2.7345383,1.3381003,0.81122905,Walking
955,-2.7876835,0.7360926,-0.09254608,Walking
956,-2.4010057,-1.8188512,-0.1591304,Walking
957,-1.9908098,0.71868294,0.15057829,Walking
958,-1.566564,0.88178396,0.4642576,Walking
959,-0.73548174,0.75594574,0.35888332,Walking
960,0.6084218,-0.12736541,0.086132,Walking
961,1.640784,-0.61178154,0.18753563,Walking
962,1.2843442,-1.2644911,0.3903429,Walking
963,-1.1731668,1.0100657,-0.27488935,Walking
964,0.07360926,1.3720033,0.039095376,Walking
965,0.08246681,-1.6951511,-0.34391713,Walking
966,0.1872302,-1.3634512,-0.35216382,Walking
967,1.4813483,-1.9147571,-0.15577064,Walking
968,2.0045543,-2.6212227,-0.1337795,Walking
969,1.8689423,-0.3643811,-0.07391469,Walking
970,1.7660115,-3.3429601,-0.06658431,Walking
971,0.8924741,-0.3839288,-0.40591997,Walking
972,1.1114693,-1.9190332,-0.49388456,Walking
973,1.0512991,-0.25900686,-0.7067711,Walking
974,0.6218608,-1.0955868,-0.66156703,Walking
975,0.12889257,-0.9450085,-0.19456059,Walking
976,0.3643811,-0.46578476,-0.18020524,Walking
977,-0.013439035,-0.4465425,-0.29046643,Walking
978,-1.6276505,0.29932398,0.39064834,Walking
979,-2.9098566,1.2950343,0.47800204,Walking
980,-2.5708263,-0.34147367,-0.06352998,Walking
981,-2.1010711,-0.70738196,-0.093462385,Walking
982,-1.9688187,0.56077427,0.54641896,Walking
983,-1.3625349,1.0882565,0.60903263,Walking
984,-0.36132678,0.7761043,0.66767573,Walking
985,0.8200866,0.16890424,0.5503896,Walking
986,1.6927075,-0.86559606,0.7867944,Walking
987,0.66767573,-0.6423248,0.21624629,Walking
988,-1.0225884,1.6542231,-0.3036,Walking
989,0.19639318,1.2999213,0.019242255,Walking
990,-0.015882496,-1.4358387,-0.42760566,Walking
991,0.22815818,-1.097114,-0.1704314,Walking
992,1.6572775,-2.0861049,-0.35033122,Walking
993,1.9871446,-2.564107,-0.32620203,Walking
994,1.9025398,-0.65118235,-0.106901415,Walking
995,1.9361374,-2.6578746,0.042455133,Walking
996,1.01312,-0.7357872,-0.600786,Walking
997,1.2592987,-0.94225967,-0.69974613,Walking
998,0.893085,-0.29046643,-0.73884153,Walking
999,0.013744468,-1.1963795,-0.3036,Walking
1000,0.2770274,-0.47311515,-0.15149458,Walking
1001,0.22266038,-0.41386122,-0.23976462,Walking
1002,-1.1007792,0.27275133,0.21991149,Walking
1003,-2.595872,1.2843442,0.5815437,Walking
1004,-2.7253752,0.8888089,-0.10995574,Walking
1005,-2.24157,-1.7318029,0.16371189,Walking
1006,-2.330451,1.8054122,0.6056729,Walking
1007,-1.8026633,1.3573426,0.57787853,Walking
1008,-0.8240572,1.325883,0.5705481,Walking
1009,0.4560109,0.46822822,0.54275376,Walking
1010,1.2605205,-0.1301143,0.66553766,Walking
1011,1.9654589,-1.0754282,0.6221663,Walking
1012,-0.96852684,0.2049453,-0.09132435,Walking
1013,0.053145275,1.7715092,0.1872302,Walking
1014,-0.124311075,-2.119397,-0.43554693,Walking
1015,0.32467487,-0.677755,-0.070554934,Walking
1016,1.8741345,-1.9837849,-0.41355577,Walking
1017,2.0073032,-2.4468207,-0.44073927,Walking
1018,1.9453003,0.7806858,0.17348573,Walking
1019,1.9578232,-2.7296515,-0.11484267,Walking
1020,1.1264355,-0.6001751,-0.6010914,Walking
1021,1.4184291,-0.9624182,-0.74036866,Walking
1022,0.79320854,-0.514654,-0.66156703,Walking
1023,-0.02321288,-1.026559,-0.29352075,Walking
1024,0.28496864,-0.36896262,-0.25137106,Walking
1025,-0.17012598,-0.3659083,-0.040317107,Walking
1026,-2.0054705,0.77213365,0.53878313,Walking
1027,-2.9095511,1.7119498,0.43799037,Walking
1028,-2.2681427,-1.2315043,0.34391713,Walking
1029,-1.8710803,-0.48075095,0.4633413,Walking
1030,-1.7696766,1.4251486,0.7693848,Walking
1031,-1.3747523,1.6899587,0.73273283,Walking
1032,-0.75441855,1.570229,0.77579886,Walking
1033,0.70432764,0.5531385,0.7657196,Walking
1034,1.6841555,-0.66645396,0.66553766,Walking
1035,0.75777835,-0.5531385,-0.010995574,Walking
1036,-0.9798279,2.5375342,0.063224554,Walking
1037,0.010079277,0.30024028,-0.06169739,Walking
1038,-0.35827246,-1.7302758,-0.37018433,Walking
1039,0.8564331,-0.59406644,-0.42149702,Walking
1040,2.3671029,-2.6090055,-0.10293079,Walking
1041,1.8756617,-1.7003434,-0.16646078,Walking
1042,2.005776,-1.534799,0.13622294,Walking
1043,1.4822645,-1.676825,-0.3023783,Walking
1044,1.1001683,-1.0757337,-0.5225952,Walking
1045,1.047023,-1.0021244,-0.602924,Walking
1046,0.795652,-0.36102137,-0.6899723,Walking
1047,0.1826487,-0.67073005,-0.32711834,Walking
1048,0.29565877,-0.3622431,-0.2180789,Walking
1049,-0.44623706,-0.23945917,-0.129198,Walking
